L0: 0 1 2 3 4 5 6 7 8 9 10 11 12 13 14 15 16 17 18 19 20 21 22 23 24 25 26 27 28 29 30 31 33 34 35 36 37 38 39 40 41 42 43 44 45 46 47 48 49 50 51 52 53 54 55 56 58 59 60 61 62 63 64 65 66 67 68 69 70 71 72 73 74 75 76 77 78 79 80 81 82 83 84 85 86 87 88 89 90 91 92 93 95 96 97 98 99 100 101 102 103 104 105 106 107 108 109 110 111 112 113 115 116 117 118 119 120 121 122 123 124 125 126 127 129 130 131 132 133 134 135 136 137 138 139 140 142 144 145 146 147 148 149 150 151 153 154 155 156 157 158 159 160 161 162 163 164 165 167 168 169 170 171 172 173 174 175 176 177 178 179 180 181 182 183 184 186 187 188 189 191 192 193 194 195 196 198 199 200 201 202 203 204 205 206 207 208 210 211 212 213 214 215 216 217 218 219 220 221 222 223 224 226 227 229 230 231 232 234 236 237 238 239 240 242 243 244 245 246 247 248 249 250 251 252 253 254 255
L1: 0 1 2 4 5 6 7 8 9 10 11 12 13 14 15 16 17 18 19 20 21 22 23 24 25 26 27 28 29 30 31 32 33 34 35 36 37 38 39 40 41 42 44 45 46 47 48 49 50 51 52 53 54 55 56 57 58 59 60 61 63 64 65 66 67 69 70 71 72 73 74 75 76 77 78 79 80 81 82 83 84 85 86 87 88 89 90 91 92 93 94 96 97 98 100 101 102 103 104 105 106 107 108 109 111 112 113 114 115 116 117 118 120 121 122 123 124 125 126 127 129 130 131 132 134 135 136 137 138 139 140 141 142 143 144 145 146 147 148 149 150 152 153 154 155 156 157 158 159 160 161 162 163 164 165 166 167 168 169 170 171 172 173 174 175 176 178 179 180 181 182 183 184 185 186 188 189 191 192 193 194 195 196 197 198 199 200 201 202 203 204 205 206 207 208 209 210 211 212 213 215 216 217 219 220 221 222 223 224 225 226 227 228 229 230 231 232 233 234 235 236 237 238 239 240 241 242 243 244 245 246 247 250 251 252 253 254 255
L2: 0 1 2 3 4 6 7 8 9 11 12 13 14 15 16 17 18 19 20 21 22 23 24 25 26 27 28 29 30 31 32 33 34 35 36 37 38 39 40 41 42 43 44 45 46 48 49 50 51 52 53 54 55 56 57 58 59 60 61 62 63 64 65 66 67 68 69 70 71 72 73 74 75 76 77 78 79 80 81 82 83 84 85 86 87 88 89 90 91 92 93 94 96 98 99 100 101 102 103 104 106 107 108 109 110 111 112 113 114 115 116 117 118 119 120 121 122 124 125 126 128 129 130 131 132 133 134 135 137 138 139 140 141 142 143 144 145 146 149 150 151 153 154 155 156 157 158 160 162 163 164 165 166 167 168 170 171 172 173 174 175 176 177 178 179 180 181 183 184 185 187 188 189 192 193 194 195 197 198 199 201 203 204 205 206 207 208 210 212 214 215 216 217 218 220 221 222 223 224 225 226 227 228 229 230 231 232 233 234 235 236 238 239 240 241 242 243 244 245 246 247 248 249 250 251 252 253 255
L3: 0 1 6 7 9 11 15 17 18 19 20 21 23 26 27 28 32 36 37 41 44 50 53 54 57 58 61 63 64 68 70 74 75 77 78 79 82 83 86 87 88 89 90 91 92 93 94 95 97 98 102 104 105 107 108 109 111 113 114 115 116 117 118 120 122 123 124 127 129 131 132 134 136 137 138 139 141 142 143 146 147 148 153 154 158 160 163 165 166 168 169 171 172 173 174 175 176 177 178 180 182 185 187 188 189 192 193 195 196 198 199 200 203 204 206 209 210 211 212 215 218 221 222 229 230 231 235 237 240 242 243 244 247 248 252 253 254
L4: 7 13 17 18 20 22 23 25 27 28 32 36 38 44 45 46 50 52 55 58 63 64 67 69 70 71 74 76 79 80 82 85 87 93 94 97 98 106 110 113 114 116 118 120 121 122 125 126 127 130 132 136 141 143 144 148 150 154 159 163 164 170 175 181 186 191 193 194 195 196 198 206 209 213 217 218 221 222 224 227 234 237 240 241 242 248 252
L5: 1 2 4 8 9 13 14 15 16 27 28 29 30 32 35 36 37 38 40 41 43 44 46 47 53 55 56 57 58 59 61 62 70 72 73 76 77 79 80 84 85 86 89 90 92 93 96 97 101 103 104 105 106 110 113 115 118 119 120 123 124 125 127 128 129 130 131 133 135 146 147 148 149 153 160 165 169 170 174 175 176 180 182 183 184 187 190 194 195 198 199 201 205 206 208 209 210 211 212 214 215 218 222 225 228 229 230 232 234 235 236 237 238 239 240 241 249 252 255
L6: 0 4 5 6 7 9 10 11 13 14 16 19 28 29 30 37 38 44 47 50 51 54 56 59 64 66 67 68 71 72 74 78 80 82 83 85 87 89 92 94 98 100 101 107 112 115 120 125 127 128 130 131 132 135 138 142 146 156 161 166 168 171 172 173 174 177 181 184 186 187 188 192 200 201 202 204 205 207 209 210 212 215 218 219 221 222 223 226 228 230 231 236 237 240 254
L7: 0 1 3 5 6 8 9 12 14 22 26 29 30 31 32 33 36 38 42 43 44 45 47 48 49 50 54 56 60 62 64 66 68 71 72 74 78 80 81 83 88 90 92 96 102 103 104 110 111 114 115 120 121 122 123 125 126 128 134 136 137 142 143 145 147 148 153 154 157 158 165 168 171 172 174 177 180 181 188 192 194 195 197 201 202 207 209 211 212 219 222 224 232 235 238 239 241 245 247 249 254 255
L8: 0 6 10 12 13 15 20 22 25 27 29 30 31 33 36 37 42 45 46 51 53 54 56 58 60 65 69 71 73 76 77 78 80 82 85 86 91 92 95 96 97 98 100 101 104 105 106 108 110 111 114 116 120 124 125 130 131 134 135 140 141 143 144 147 148 152 153 154 157 158 161 163 164 165 168 169 170 171 172 174 176 177 179 184 185 186 189 192 193 195 197 201 208 210 213 215 217 218 220 222 224 225 230 231 232 233 235 238 239 241 242 246 249 250 253 254
L9: 1 2 3 10 11 12 16 17 19 20 21 23 24 27 28 32 35 36 37 39 40 41 44 45 49 50 52 53 55 57 58 62 64 66 70 72 73 75 76 79 81 83 84 86 88 90 95 98 100 101 103 105 107 109 111 112 114 116 118 121 122 126 127 128 130 132 133 138 140 141 145 146 152 156 158 161 163 164 166 167 169 172 177 178 179 180 183 184 186 188 189 194 195 199 200 201 203 206 207 208 209 211 212 215 218 219 222 227 228 230 231 235 238 239 241 243 244 246 247 249 251 253 255
L10: 1 2 3 5 6 7 8 9 11 13 14 15 16 18 21 22 23 24 25 27 29 30 31 34 38 39 40 44 51 57 59 62 63 65 66 67 69 72 73 77 79 82 85 87 88 90 93 94 96 97 99 100 102 107 108 109 110 119 121 122 127 129 130 131 136 150 151 153 155 156 158 161 162 164 165 166 167 170 171 172 176 177 178 180 181 183 186 189 191 195 197 198 199 203 204 205 210 211 213 215 218 219 220 221 222 224 225 227 228 230 232 233 234 236 237 242 243 244 248 249 250 252 254 255
L11: 0 1 4 5 6 7 15 18 20 23 26 27 28 30 34 35 36 37 38 39 40 42 43 46 47 52 53 58 60 62 63 66 70 76 77 78 80 83 87 88 89 97 102 110 111 112 113 114 116 118 119 121 122 123 128 129 130 131 132 133 135 138 141 144 145 147 148 149 151 152 157 159 160 161 162 163 168 170 179 182 183 186 190 192 194 197 198 199 202 206 207 209 215 217 220 226 232 235 236 237 240 242 243 249 255
L12: 3 10 11 14 15 17 19 24 26 32 35 37 39 40 45 46 47 51 52 53 54 55 58 59 61 64 67 69 70 71 74 77 78 80 83 84 86 90 91 92 93 94 96 97 99 100 101 109 111 114 115 116 117 121 124 125 126 127 129 131 132 133 136 139 143 146 147 151 153 154 155 156 157 158 159 164 171 175 176 184 185 186 188 189 192 197 199 200 202 206 210 212 215 226 229 230 234 235 236 237 238 239 241 242 244 245 247 253 255
L13: 0 7 19 23 25 34 38 39 40 42 44 47 48 51 52 53 54 57 58 59 61 63 64 68 72 77 78 79 80 88 91 92 93 95 98 99 100 102 103 104 105 107 108 111 127 128 129 132 133 134 135 138 139 143 145 146 148 150 152 154 155 156 157 160 162 165 166 174 177 179 180 181 182 183 185 189 191 192 198 199 201 203 206 214 218 219 220 223 225 229 230 232 235 236 238 239 241 245 247 248 252
L14: 3 7 8 9 10 12 15 16 18 20 21 22 23 33 35 37 38 40 41 42 50 51 53 57 59 64 67 70 78 83 84 86 88 91 97 98 99 102 104 108 110 111 114 120 122 127 128 130 132 134 136 139 141 142 144 145 146 147 150 151 152 153 154 156 157 162 164 166 169 171 173 181 184 185 188 189 194 197 198 199 200 201 202 204 211 213 218 223 224 225 226 227 229 231 234 235 238 239 240 242 244 255
L15: 0 2 5 7 8 13 15 19 27 28 30 33 35 37 39 42 44 45 46 48 50 53 57 58 59 60 62 65 66 69 71 76 79 80 81 82 83 85 87 89 90 92 93 95 97 99 100 102 105 107 108 110 112 114 116 121 123 127 129 130 131 136 141 143 145 147 150 151 152 153 155 157 165 166 171 174 177 178 180 186 187 188 192 198 199 201 203 204 205 207 209 210 217 225 233 234 235 236 239 242 250 254 255
L16: 0 2 3 6 9 12 15 16 17 22 23 24 25 26 27 28 30 31 40 42 46 49 52 55 57 62 63 64 65 71 74 76 77 78 79 82 84 86 88 94 95 98 100 102 103 104 105 109 111 116 117 120 124 128 129 130 131 133 134 135 136 137 141 144 145 148 151 153 155 156 159 161 165 168 170 171 175 176 177 178 181 182 183 184 185 187 190 191 192 194 197 198 202 205 206 207 208 209 214 220 221 222 225 226 227 228 230 233 236 237 239 241 245 247 248 250 251 253 255
L17: 1 2 3 4 5 6 8 9 10 16 18 19 21 22 23 26 27 28 29 31 32 33 41 43 44 45 47 49 50 53 60 61 63 68 69 70 72 76 78 82 83 87 88 92 96 97 98 101 102 103 105 108 111 112 113 122 126 128 129 131 133 134 137 140 141 145 148 150 152 154 155 159 163 165 167 168 169 172 176 179 181 182 183 185 186 188 194 195 196 197 200 201 203 204 209 210 213 214 215 216 222 223 225 231 233 236 239 244 246 247 248 254 255
L18: 4 5 6 7 8 9 10 18 21 28 29 31 38 40 45 47 49 50 54 56 58 59 62 67 69 72 74 75 79 83 84 86 89 90 91 94 95 96 99 102 103 105 107 109 116 117 118 126 127 129 130 133 135 137 139 143 145 146 148 150 152 153 156 160 161 162 164 165 166 169 172 174 177 178 180 181 182 183 184 186 188 190 193 194 197 206 208 211 213 215 222 226 228 230 232 234 238 239 246 247 249 252 253 254
L19: 1 2 3 7 8 9 10 12 13 14 16 21 23 24 25 27 28 29 31 35 36 37 38 39 40 41 42 43 44 45 46 47 50 52 53 54 57 58 60 62 64 65 66 68 72 73 74 75 77 78 79 80 82 83 84 85 87 89 90 92 93 94 95 96 98 99 100 101 102 104 105 110 112 113 114 116 117 118 119 124 126 129 131 133 136 137 138 140 142 144 145 147 149 150 151 153 157 158 160 161 168 172 173 174 175 176 180 181 183 185 187 189 190 196 200 201 203 208 210 214 224 225 226 227 228 229 231 234 235 236 239 241 243 246 248 249 252 254 255
L20: 2 7 13 14 15 16 21 22 23 24 25 27 39 43 50 51 54 59 63 64 65 67 70 75 77 82 83 85 86 87 89 91 94 96 97 101 102 103 104 106 109 111 112 114 122 125 128 130 131 133 135 136 137 143 147 148 149 151 152 153 154 156 157 159 162 167 169 171 172 173 176 182 184 187 188 190 191 200 203 204 205 207 210 216 217 218 219 220 223 224 225 227 229 233 236 237 240 242 243 244 246 252 254
L21: 1 2 6 7 10 11 14 15 17 18 19 26 27 29 30 33 34 35 39 49 50 51 53 55 56 61 62 65 68 69 70 71 75 80 81 82 89 95 96 97 98 99 101 102 104 105 106 107 108 109 110 118 124 125 127 128 132 134 136 139 140 142 149 151 156 157 161 162 165 167 169 170 175 177 178 183 184 185 189 193 194 200 203 204 205 209 210 211 212 213 214 216 217 219 220 222 230 231 234 235 238 239 240 243 244 247 248 250 252
L22: 2 3 8 9 10 11 12 18 19 21 27 28 30 33 38 39 40 42 45 46 47 48 50 51 55 56 57 60 61 63 64 65 67 69 78 79 81 84 87 88 90 91 95 97 100 102 103 104 107 108 109 114 115 117 120 121 122 124 126 130 133 134 137 140 142 145 146 147 149 150 155 156 158 159 163 164 166 170 174 175 176 179 181 182 185 187 189 191 193 194 195 196 197 199 200 201 202 203 205 206 210 216 217 219 220 222 223 224 225 228 232 234 236 237 238 239 240 241 243 244 247 249 250 251 253 254
L23: 0 2 3 4 8 9 10 11 17 20 22 23 24 25 28 29 30 32 35 36 37 39 40 43 44 48 49 52 53 54 55 58 61 62 64 65 66 67 68 69 70 73 74 75 76 79 80 81 82 84 88 90 91 93 94 95 96 97 98 100 101 103 104 106 108 117 118 119 121 125 126 127 129 130 132 134 141 142 144 146 147 148 149 150 151 153 155 157 158 159 164 165 168 169 171 172 173 175 178 179 180 181 183 185 188 189 190 193 194 195 198 201 206 207 208 209 210 211 212 215 217 218 221 222 225 226 227 228 229 231 232 233 234 236 240 242 244 246 247 248 249 251 252
L24: 2 3 6 10 14 16 17 19 21 23 24 27 28 29 33 37 41 44 54 56 57 59 60 61 62 63 65 66 67 73 74 75 83 86 89 95 97 101 105 106 107 108 110 112 114 116 118 119 120 121 123 124 125 126 127 130 131 135 137 139 140 146 148 151 155 156 159 160 161 162 163 166 167 169 173 174 176 181 183 185 186 191 198 200 203 204 205 209 214 216 218 221 222 223 225 227 228 229 232 234 240 242 243 244 245 251 253
L25: 0 1 4 9 11 12 13 14 16 17 18 19 24 26 29 30 31 33 34 35 41 43 47 51 53 54 57 60 61 64 67 69 70 77 78 79 80 82 83 85 86 88 90 91 92 93 94 96 97 99 100 101 104 105 106 111 116 118 120 122 124 125 126 128 131 134 136 137 139 141 142 143 146 147 149 150 151 152 153 154 156 157 158 162 165 168 169 170 173 174 175 176 177 178 181 182 183 185 186 194 196 197 199 208 209 211 212 213 214 215 216 217 219 220 223 225 227 229 233 238 239 240 241 244 249 251 252 253 254
L26: 1 4 5 7 8 17 19 22 23 24 28 30 32 34 36 39 43 46 48 50 52 53 56 57 61 62 63 67 68 69 70 72 73 74 75 78 79 85 88 90 92 97 98 102 108 110 111 113 115 116 118 130 131 132 133 135 136 143 146 147 148 149 156 157 159 163 167 168 174 176 184 185 188 189 190 191 192 195 197 198 199 202 206 208 213 215 217 219 220 221 226 228 231 232 233 236 237 238 249 251 255
L27: 1 4 6 7 9 10 13 14 18 19 22 23 24 25 26 27 31 32 33 36 39 41 42 43 44 47 51 53 56 57 61 63 64 66 68 70 72 73 74 75 77 80 85 86 87 88 89 97 98 100 102 105 106 109 110 114 116 117 126 130 133 135 136 139 140 143 149 154 155 159 160 162 163 166 168 170 174 175 177 179 181 184 186 188 194 198 200 201 203 208 209 210 212 213 217 219 224 225 226 228 231 232 233 234 235 240 242 244 245 247 254 255
L28: 1 5 7 8 9 12 14 17 18 22 24 26 29 32 34 36 37 43 45 48 52 53 56 59 61 63 67 69 70 72 74 79 80 82 84 85 86 87 88 89 94 95 101 106 109 112 115 118 120 122 125 130 132 133 136 137 142 148 149 152 156 159 160 161 166 170 173 174 178 179 180 182 183 187 188 197 198 200 202 203 207 208 210 211 213 214 215 218 219 221 222 224 225 228 230 231 232 233 235 237 238 239 241 243 244 251 252 253
L29: 2 3 6 9 12 17 18 22 24 25 29 30 31 33 34 35 39 40 42 45 47 55 57 59 60 64 66 68 69 70 74 75 76 77 85 86 89 91 92 94 98 99 100 109 111 113 118 122 126 128 131 133 136 138 139 140 141 144 145 147 151 157 159 160 161 162 164 165 166 167 170 180 181 184 186 187 188 189 192 194 195 196 197 200 205 217 220 223 224 227 235 237 238 239 242 243 244 251 253 255
L30: 0 2 4 5 6 7 8 11 12 14 17 18 19 21 23 25 26 28 31 36 38 39 43 44 45 46 47 48 49 51 54 57 58 61 63 64 65 69 74 75 80 82 83 84 85 86 90 94 96 100 101 103 104 107 110 113 115 119 123 125 126 128 130 131 132 134 135 136 139 143 145 146 147 152 155 159 161 162 164 167 169 173 174 176 177 179 180 182 183 184 186 191 192 195 197 198 200 206 207 211 212 213 216 217 221 222 223 224 225 226 228 231 236 237 238 239 240 241 243 244 248 249 251 252 253 254
L31: 2 3 4 6 9 11 15 16 17 18 22 24 27 29 30 32 34 35 37 38 40 41 42 44 45 46 49 52 53 55 56 58 60 63 65 67 72 73 75 76 78 82 83 85 87 88 90 91 92 93 94 96 100 102 104 105 111 113 117 121 125 127 129 130 133 134 135 139 142 143 144 146 147 148 150 151 155 156 160 161 162 164 165 166 167 169 170 171 172 173 174 177 179 180 182 183 186 190 191 192 193 194 195 196 197 198 202 203 204 205 207 208 209 211 215 216 217 219 222 226 228 229 230 231 234 238 239 241 242 247 248 250 251
L32: 4 9 11 12 13 14 17 19 21 22 25 26 28 32 36 43 44 46 47 49 52 56 57 58 61 62 63 65 66 67 70 74 76 79 80 81 82 83 88 90 91 92 94 95 101 104 107 109 111 112 116 117 118 120 122 123 124 126 128 130 134 136 140 141 142 143 144 147 149 152 153 154 156 158 159 160 164 165 166 173 175 176 179 188 190 191 193 195 197 201 205 207 209 210 211 212 213 214 216 219 221 222 225 226 227 229 232 234 236 237 239 243 244 246 250 252 253 255
L33: 2 4 9 13 15 16 18 19 20 22 24 25 26 29 31 35 37 41 42 43 44 45 48 49 51 52 54 57 59 61 62 64 65 71 74 75 77 80 82 84 85 86 87 91 93 94 96 98 102 104 108 109 111 112 121 122 123 129 131 132 133 136 137 138 139 140 142 143 144 145 147 148 149 155 158 159 160 164 165 167 168 170 171 172 173 175 176 177 179 180 182 185 186 187 189 190 193 196 198 202 203 204 205 206 207 210 211 212 213 214 217 218 221 223 224 229 230 238 240 241 242 244 246 250 252 253 254 255
L34: 1 2 5 6 7 8 13 14 15 18 19 26 27 29 31 32 33 34 36 39 41 43 45 51 53 54 57 59 60 62 63 68 70 74 75 76 77 81 82 83 85 86 89 90 91 92 94 96 100 101 102 105 109 112 113 119 120 121 125 126 127 128 129 130 131 132 133 136 137 138 139 142 143 144 145 148 149 152 153 154 155 157 158 162 164 171 172 173 174 179 180 181 183 184 187 191 192 193 195 196 201 203 204 209 212 214 215 217 219 220 222 223 225 226 227 228 229 230 232 240 242 244 245 246 249 250 251 252 255
L35: 0 1 4 5 8 11 14 15 17 22 23 25 27 28 31 32 44 46 47 50 51 54 55 57 58 61 64 66 67 68 69 71 72 77 80 81 82 83 87 89 90 92 93 94 100 102 104 105 106 107 108 115 117 118 119 120 121 124 126 129 130 131 132 133 134 135 136 138 140 141 142 144 146 148 150 153 156 160 161 165 166 168 169 170 173 174 175 177 180 182 183 186 188 194 195 201 203 207 211 212 214 215 216 217 218 220 224 227 230 232 237 242 243 249 250 251 252 254
L36: 2 4 6 7 9 10 11 13 14 15 19 22 23 24 27 32 34 36 37 38 39 41 42 44 45 46 47 50 54 55 57 58 60 61 63 65 66 67 68 70 71 73 74 75 76 77 79 80 82 83 84 86 87 91 92 93 94 96 97 103 104 105 107 108 110 113 119 121 122 125 126 127 128 134 135 136 143 145 149 151 152 157 158 164 170 171 172 174 176 178 179 184 188 194 195 198 199 203 207 208 209 211 212 218 219 220 223 224 225 227 228 231 232 235 239 240 247 248 254
L37: 1 2 6 9 12 14 15 17 19 20 26 29 38 40 42 45 48 49 50 52 55 56 57 58 59 60 63 65 66 67 69 70 71 72 73 74 75 79 83 85 88 89 91 92 93 96 99 100 106 107 108 111 112 113 114 115 116 121 122 123 124 125 126 128 129 132 133 135 138 139 141 145 148 149 151 152 153 159 160 162 166 170 172 174 175 180 185 186 189 190 191 192 194 196 201 202 203 204 209 210 211 212 213 215 216 218 219 224 225 226 231 232 233 234 237 241 243 248 250 251 252
L38: 0 10 11 14 16 18 24 25 26 27 28 29 33 34 38 40 41 42 45 47 48 55 57 58 60 62 64 69 70 71 72 74 75 77 80 81 83 101 103 106 107 108 109 114 115 117 118 121 122 123 126 127 131 133 134 136 138 140 141 142 145 146 148 150 151 152 153 159 161 165 173 174 177 180 182 183 188 189 190 191 194 195 196 197 199 202 203 208 210 211 212 213 215 218 219 222 226 227 228 229 234 239 240 242 245 247 248 250 253
L39: 0 1 6 7 8 13 14 18 19 20 22 26 28 29 30 32 33 34 35 37 38 44 45 48 49 52 55 57 60 63 64 66 67 70 73 75 76 78 80 82 86 87 89 96 97 98 99 102 106 113 114 115 117 120 121 123 124 126 127 131 134 135 136 138 141 142 146 150 154 158 162 164 165 167 170 171 173 177 178 179 180 181 183 184 186 187 189 190 192 197 198 199 200 204 205 207 208 209 210 211 214 217 219 220 221 223 225 227 228 229 231 232 233 234 235 237 240 242 243 244 245 249 254
L40: 1 2 4 7 8 9 10 11 14 16 19 21 22 27 29 36 38 44 46 49 50 53 54 55 56 59 61 63 64 68 72 74 75 76 78 81 82 84 86 87 90 92 94 95 96 99 100 102 103 105 108 109 110 112 115 116 118 122 125 130 133 134 135 136 139 141 142 145 146 155 156 163 166 168 169 175 176 184 186 188 189 190 192 193 195 198 199 201 205 208 210 211 219 220 221 222 225 228 229 230 231 235 237 243 247 249 250 251 253
L41: 3 7 9 10 16 23 35 36 39 40 41 42 44 45 47 48 49 51 52 54 56 57 58 59 61 64 65 66 68 73 75 76 78 80 81 84 85 88 91 93 95 96 97 98 99 101 103 104 105 106 108 109 111 112 114 115 116 117 120 121 124 125 129 130 134 136 137 138 140 142 151 152 153 154 156 157 160 164 166 168 170 175 177 178 180 182 183 185 188 189 191 195 198 201 203 204 205 206 208 214 217 221 225 226 229 232 233 236 237 240 243 244 248 249 254
L42: 7 8 9 15 18 20 21 23 26 27 28 32 33 35 36 40 45 48 49 52 53 55 56 62 63 70 71 72 73 77 79 81 85 87 89 91 92 94 96 101 103 104 107 110 111 112 120 123 125 126 131 132 133 137 138 140 141 142 144 145 152 154 156 162 169 177 179 180 181 185 191 192 193 197 199 203 204 209 215 217 218 221 222 224 225 226 227 229 232 236 238 239 243 246 251 254 255
